-005.228888889 +46.205555556 0247 Bourg-en-Bresse
-003.624444444 +49.563888889 0123 Laon
-003.333333333 +46.565277778 0221 Moulins
-006.236388889 +44.093333333 1128 Digne
-006.078611111 +44.559444444 1493 Gap
-007.269166667 +43.702777778 0260 Nice
-004.600000000 +44.735833333 0475 Privas
-004.719722222 +49.772222222 0150 Charleville-Mézières
-001.607777778 +42.966388889 0646 Foix
-004.079166667 +48.299722222 0107 Troyes
-002.352222222 +43.216666667 0166 Carcassonne
-002.575000000 +44.350555556 0572 Rodez
-005.377222222 +43.297500000 0320 Marseille
+000.369444444 +49.183055556 0038 Caen
-002.440555556 +44.926111111 0720 Aurillac
-000.160277778 +45.650000000 0078 Angoulême
+001.150000000 +46.160277778 0014 La Rochelle
-002.396388889 +47.084444444 0145 Bourges
-001.773055556 +45.266666667 0323 Tulle
-008.736944444 +41.926666667 0394 Ajaccio
-005.042777778 +47.323888889 0315 Dijon
+002.758888889 +48.514166667 0067 St Brieuc
-001.869166667 +46.171388889 0518 Guéret
-000.718888889 +45.185000000 0132 Périgueux
-006.021944444 +47.243055556 0423 Besançon
-004.891666667 +44.933333333 0149 Valence
-001.153333333 +49.024166667 0102 Evreux
-001.489166667 +48.447222222 0141 Chartres
+004.096388889 +47.996666667 0073 Quimper
-004.360833333 +43.837777778 0118 Nîmes
-001.442777778 +43.605277778 0189 Toulouse
-000.589166667 +43.646388889 0198 Auch
+000.578333333 +44.838611111 0022 Bordeaux
-003.877222222 +43.611944444 0064 Montpellier
+001.679444444 +48.114722222 0047 Rennes
-001.691111111 +46.810277778 0148 Châteauroux
-000.689166667 +47.393611111 0077 Tours
-005.726944444 +45.187777778 0402 Grenoble
-005.554444444 +46.675277778 0329 Lons-le-Saunier
+000.499444444 +43.891388889 0060 Mont-de-Marsan
-001.328055556 +47.593888889 0099 Blois
-004.390277778 +45.434722222 0770 St Etienne
-003.885833333 +45.044166667 0744 Le Puy-en-Velay
+001.552777778 +47.218055556 0027 Nantes
-001.905000000 +47.903055556 0107 Orléans
-001.441388889 +44.448333333 0219 Cahors
-000.619444444 +44.204166667 0100 Agen
-003.501388889 +44.519444444 0964 Mende
+000.554166667 +47.473611111 0038 Angers
+001.090277778 +49.115277778 0071 St Lo
-004.365000000 +48.957500000 0085 Chalon-sur-Marne
-005.138888889 +48.111666667 0290 Chaumont
+000.768888889 +48.073333333 0082 Laval
-006.184444444 +48.693333333 0271 Nancy
-005.168055556 +48.772500000 0251 Bar-le-Duc
+002.760277778 +47.655833333 0028 Vannes
-006.177777778 +49.120277778 0209 Metz
-003.157222222 +46.993333333 0203 Nevers
-003.058333333 +50.632500000 0031 Lille
-002.088333333 +49.434722222 0114 Beauvais
-000.093055556 +48.430555556 0140 Alençon
-002.780833333 +50.289722222 0076 Arras
-003.087500000 +45.780555556 0462 Clermont-Ferrand
+000.368611111 +43.301666667 0205 Pau
-000.075277778 +43.233888889 0305 Tarbes
-002.895555556 +42.698611111 0052 Perpignan
-007.748611111 +48.584444444 0142 Strasbourg
-007.355555556 +48.098333333 0195 Colmar
-004.842222222 +45.759722222 0237 Lyon
-006.155833333 +47.623055556 0294 Vesoul
-004.832500000 +46.307222222 0257 Macon
-000.197777778 +48.005000000 0086 Le Mans
-005.921666667 +45.567222222 0403 Chambéry
-006.130277778 +45.900000000 0672 Annecy
-002.345277778 +48.860833333 0060 Paris
-001.103333333 +49.443888889 0077 Rouen
-002.660000000 +48.540555556 0070 Melun
-002.135000000 +48.805277778 0142 Versailles
+000.460555556 +46.325833333 0040 Niort
-002.298611111 +49.892222222 0060 Amiens
-002.146388889 +43.928888889 0219 Albi
-001.355833333 +44.018055556 0140 Montauban
-005.931388889 +43.125833333 0295 Toulon
-004.808888889 +43.949444444 0066 Avignon
+001.426666667 +46.670555556 0063 La Roche-sur-Yon
-000.336111111 +46.581944444 0105 Poitiers
-001.262500000 +45.835277778 0320 Limoges
-006.452500000 +48.174444444 0404 Epinal
-003.567777778 +47.798333333 0155 Auxerre
-006.850000000 +47.641666667 0502 Belfort
-002.445000000 +48.634722222 0064 Evry
-002.204444444 +48.891388889 0075 Nanterre
-002.439722222 +48.910555556 0048 Bobigny
-002.462777778 +48.791111111 0053 Créteil
-002.101666667 +49.051388889 0055 Pontoise
