-006.086388889 +50.768333333 0000 Aachen
-009.914166667 +57.051666667 0000 Aalborg
-010.204166667 +56.152222222 0000 Aarhus
-007.365000000 +05.109166667 0000 Aba
-048.298055556 +30.337500000 0000 Abadan
-003.345555556 +07.150833333 0000 Abeokuta
+002.095000000 +57.146666667 0000 Aberdeen
+004.030555556 +05.331944444 0000 Abidjan
+099.732777778 +32.448611111 0000 Abilene
-054.347777778 +24.455555556 0000 Abu Zaby
-007.438055556 +08.801388889 0000 Abuja
+099.876111111 +16.860000000 0000 Acapulco
+000.206388889 +05.544722222 0000 Accra
-051.508333333 +25.294722222 0000 Ad Dawhah
-035.325000000 +36.988611111 0000 Adana
-038.757500000 +09.008333333 0000 Addis Abeba
-138.590277778 -34.902500000 0000 Adelaide
-044.960833333 +12.836388889 0000 Aden
-077.271666667 +15.613888889 0000 Adoni
-091.271666667 +23.831388889 0000 Agartala
-078.013611111 +27.175000000 0000 Agra
+102.292500000 +21.884166667 0000 Aguascalientes
-072.592222222 +23.016111111 0000 Ahmadabad
-074.745555556 +19.092777778 0000 Ahmadnagar
-048.714722222 +31.331666667 0000 Ahvaz
+001.149444444 +35.298611111 0000 Ain Temouchent
-074.638888889 +26.469166667 0000 Ajmer
-071.447500000 +51.179722222 0000 Akmola
-077.002777778 +20.706111111 0000 Akola
+081.517222222 +41.085000000 0000 Akron
-057.221111111 +50.273888889 0000 Aktjubinsk
-047.804166667 +30.489722222 0000 Al Basrah
-050.143611111 +26.422222222 0000 Al Dammam
-050.539166667 +26.185833333 0000 Al Manamah
-043.143611111 +36.339722222 0000 Al Mawsil
+001.852222222 +38.994444444 0000 Albacete
+073.759722222 +42.647500000 0000 Albany
+106.648611111 +35.084166667 0000 Albuquerque
+003.369166667 +40.485277778 0000 Alcala De Henar
-029.945277778 +31.212222222 0000 Alexandria
+077.047500000 +38.805000000 0000 Alexandria
-003.050000000 +36.775277778 0000 Alger
+000.490000000 +38.340555556 0000 Alicante
-078.070833333 +27.868333333 0000 Aligarh
-081.848611111 +25.443333333 0000 Allahabad
+075.469722222 +40.599722222 0000 Allentown
-076.332500000 +09.498055556 0000 Alleppey
-076.613611111 +27.578888889 0000 Alwar
+101.831111111 +35.221944444 0000 Amarillo
-076.803611111 +30.359722222 0000 Ambala
+078.611111111 -01.239166667 0000 Ambato
-128.165277778 -03.701111111 0000 Ambon
-005.385555556 +52.153333333 0000 Amersfoort
-035.935000000 +31.939444444 0000 Amman
-052.352222222 +36.472222222 0000 Amol
-077.753055556 +20.926388889 0000 Amravati
-074.865833333 +31.627222222 0000 Amritsar
-078.468611111 +28.906388889 0000 Amroha
-004.896666667 +52.378333333 0000 Amsterdam
+117.912777778 +33.835833333 0000 Anaheim
-077.607500000 +14.673333333 0000 Ananrapur
+048.935833333 -16.332222222 0000 Anapolis
-001.511666667 +42.503888889 0000 Andorra La Vell
-032.854166667 +39.936666667 0000 Ankara
+083.748333333 +42.281111111 0000 Ann Arbor
-007.754722222 +36.897222222 0000 Annaba
+076.492777778 +38.978333333 0000 Annapolis
-122.993055556 +41.112777778 0000 Anshan
-030.699722222 +36.895833333 0000 Antalya
-047.523611111 -18.920000000 0000 Antananarivo
+070.391666667 -23.638333333 0000 Antofagasta
-004.408333333 +51.210000000 0000 Antwerpen
-005.963333333 +52.210277778 0000 Apeldoorn
-046.697777778 +24.674722222 0000 Ar Riyad
-084.675555556 +25.562222222 0000 Ara
+037.059722222 -10.901944444 0000 Aracaju
-021.324722222 +46.188333333 0000 Arad
-049.687222222 +34.095555556 0000 Arak
-040.563611111 +64.535833333 0000 Archangelsk
-048.296388889 +38.248333333 0000 Ardabil
+071.528333333 -16.397222222 0000 Arequipa
+070.291388889 -18.494444444 0000 Arica
+077.085000000 +38.884444444 0000 Arlington
+097.107777778 +32.738888889 0000 Arlington
+075.602500000 +04.536111111 0000 Armenia
-005.913055556 +51.983055556 0000 Arnhem
-086.987222222 +23.686944444 0000 Asansol
-058.379444444 +37.950833333 0000 Aschabad
-038.918333333 +15.331388889 0000 Asmara
-047.991111111 +46.320000000 0000 Astrakhan
+057.621111111 -25.301666667 0000 Asuncion
-032.909444444 +24.085277778 0000 Aswan
-031.187500000 +27.188333333 0000 Asyut
-023.735000000 +37.975833333 0000 Athina
+084.393055556 +33.748611111 0000 Atlanta
-174.758333333 -36.855000000 0000 Auckland
-010.891944444 +48.368333333 0000 Augsburg
+069.780000000 +44.310555556 0000 Augusta
+081.963611111 +33.474166667 0000 Augusta
-075.304444444 +19.881388889 0000 Aurangabad
+104.831666667 +39.725833333 0000 Aurora
+097.742500000 +30.266944444 0000 Austin
+058.396944444 -34.778055556 0000 Avellaneda
+074.219444444 -13.173888889 0000 Ayacucho
-052.680277778 +36.537777778 0000 Babol
-026.902222222 +46.569722222 0000 Bacau
-044.392222222 +33.315833333 0000 Baghdad
-088.385000000 +22.667500000 0000 Baharanagar
-071.684166667 +29.391111111 0000 Bahawalpur
+062.272500000 -38.719722222 0000 Bahia Blanca
+119.001666667 +35.377500000 0000 Bakersfield
-047.112500000 +34.355555556 0000 Bakhtaran
-049.841388889 +40.372500000 0000 Baku
-088.347777778 +22.599444444 0000 Bali
-027.886944444 +39.645833333 0000 Balikesir
-116.834166667 -01.281388889 0000 Balikpapan
-027.935277778 +47.761388889 0000 Balti
+076.612777778 +39.290277778 0000 Baltimore
-088.780000000 +25.225555556 0000 Balurghat
+007.986388889 +12.653055556 0000 Bamako
-114.942500000 +04.943055556 0000 Bandar Seri Beg
-107.603611111 -06.915277778 0000 Bandung
-077.586111111 +12.966111111 0000 Bangalore
-100.524166667 +13.743888889 0000 Bangkok
-018.587222222 +04.362222222 0000 Bangui
-114.600000000 -03.331111111 0000 Banjarmasin
+016.588611111 +13.455000000 0000 Banjul
-109.822222222 +40.628888889 0000 Baotou
-002.183611111 +41.390000000 0000 Barcelona
-087.874166667 +23.239722222 0000 Barddhaman
-079.410000000 +28.352777778 0000 Bareily
-016.849444444 +41.121388889 0000 Bari
+070.244722222 +08.660000000 0000 Barinas
-083.759166667 +53.345555556 0000 Barnaul
-091.015277778 +26.320277778 0000 Barpeta
+069.322500000 +10.077500000 0000 Barquisimento
+073.859166667 +07.063611111 0000 Barrancabermeja
+070.707500000 -33.445000000 0000 Barrancas
+074.784166667 +10.958888889 0000 Barranquilla
-007.588333333 +47.550000000 0000 Basel
+062.735277778 +17.296388889 0000 Basse-Terre
-034.756666667 +32.049166667 0000 Bat Yam
-075.038055556 +23.333611111 0000 Batlam
-041.126388889 +37.874722222 0000 Batman
-006.184166667 +35.569166667 0000 Batna
+091.154166667 +30.450000000 0000 Baton Rouge
+076.640277778 +20.377777778 0000 Bayamo
+094.101666667 +30.085833333 0000 Beaumont
+002.216111111 +31.610833333 0000 Bechar
-034.798055556 +31.250277778 0000 Beersheba
-116.394166667 +39.905833333 0000 Beijing
-035.533611111 +33.860000000 0000 Beirut
-106.974444444 -06.230277778 0000 Bekasi
+048.479444444 -01.432777778 0000 Belem
+005.923055556 +54.593888889 0000 Belfast
-074.508611111 +15.847500000 0000 Belgaum
-076.918888889 +15.137777778 0000 Bellary
+075.562222222 +06.334166667 0000 Bello
+088.787222222 +17.264444444 0000 Belmopan
+043.934722222 -19.918888889 0000 Belo Horizonte
-117.346666667 +32.955000000 0000 Bengbu
-005.626666667 +06.329722222 0000 Benin City
+001.399722222 +35.305277778 0000 Beni-Saf
-123.762222222 +41.187222222 0000 Benxi
-020.468888889 +44.809444444 0000 Beograd
-036.802500000 +46.758055556 0000 Berdansk
-056.836666667 +59.466388889 0000 Berezniki
-009.666944444 +45.690555556 0000 Bergamo
-005.317222222 +60.388055556 0000 Bergen
-084.813888889 +19.317500000 0000 Berhampur
+122.271666667 +37.871666667 0000 Berkeley
-013.416944444 +52.522777778 0000 Berlin
-007.434166667 +46.949722222 0000 Bern
-084.507500000 +26.802222222 0000 Bettiah
-086.981944444 +25.250000000 0000 Bhagalpur
-073.012222222 +21.727777778 0000 Bharuch
-074.939444444 +30.231111111 0000 Bhatinda
-088.429166667 +22.894722222 0000 Bhatpara
-072.140833333 +21.764166667 0000 Bhavnagar
-081.381666667 +21.206111111 0000 Bhilanagar
-074.636111111 +25.348055556 0000 Bhilwara
-073.057500000 +19.303611111 0000 Bhiwandi
-077.393055556 +23.253888889 0000 Bhopal
-085.838611111 +20.262222222 0000 Bhubaneshwar
-075.781944444 +21.045833333 0000 Bhusawal
-023.160833333 +53.139166667 0000 Bialystok
-019.055555556 +49.818888889 0000 Bielsko-Biala
-081.538055556 +16.546666667 0000 Bihamavaram
-085.228888889 +52.555277778 0000 Bijsk
-073.310555556 +28.020833333 0000 Bikaner
-082.153888889 +22.083888889 0000 Bilaspur
+002.929722222 +43.266388889 0000 Bilbao
-020.095555556 +32.114166667 0000 Bingazi
+001.910277778 +52.483611111 0000 Birmingham
+086.804722222 +33.523888889 0000 Birmingham
-079.802500000 +28.292777778 0000 Bisalpur
-074.598333333 +42.867777778 0000 Biskek
+100.778333333 +46.805277778 0000 Bismarck
+015.593888889 +11.858888889 0000 Bissau
-075.712500000 +16.827777778 0000 Bjapur
+002.470000000 +53.750000000 0000 Blackburn
+003.052500000 +53.816388889 0000 Blackpool
-035.017500000 -15.796111111 0000 Blantyre
-026.219166667 -29.110277778 0000 Bloemfontein
+049.093611111 -26.926388889 0000 Blumenau
+004.295000000 +11.179722222 0000 Bobo-Dioulasso
-007.218055556 +51.482777778 0000 Bochum
-106.791944444 -06.596111111 0000 Bogor
+074.075833333 +04.610555556 0000 Bogota
+116.215277778 +43.620277778 0000 Boise
-011.328055556 +44.495833333 0000 Bologna
-011.334722222 +46.495833333 0000 Bolzano
-072.822222222 +18.920277778 0000 Bombay
-007.087500000 +50.740277778 0000 Bonn
-048.752777778 +33.890000000 0000 Borujerd
+071.073888889 +42.356111111 0000 Boston
-116.580555556 +38.065833333 0000 Botou
+005.030277778 +07.692222222 0000 Bouake
+001.866111111 +50.727222222 0000 Bournemouth
+000.809166667 +35.712222222 0000 Bou-Sfer
+001.752777778 +53.794444444 0000 Bradford
-027.957777778 +45.269722222 0000 Braila
+079.757222222 +43.691666667 0000 Brampton
+047.900000000 -15.791111111 0000 Brasilia
-025.615833333 +45.652500000 0000 Brasov
-017.104166667 +48.137500000 0000 Bratislava
-010.519166667 +52.275555556 0000 Braunschweig
-015.266111111 -04.276666667 0000 Brazzaville
-004.755833333 +51.582500000 0000 Breda
-008.798611111 +53.087777778 0000 Bremen
-010.206388889 +45.543888889 0000 Brescia
+073.207222222 +41.183055556 0000 Bridgeport
+059.606388889 +13.097500000 0000 Bridgetown
+000.140277778 +50.828611111 0000 Brighton
-153.035833333 -27.487500000 0000 Brisbane
+002.583888889 +51.444722222 0000 Bristol
-038.641666667 +48.523333333 0000 Brjanka
-034.355833333 +53.233055556 0000 Brjansk
-016.608611111 +49.194166667 0000 Brno
+073.891666667 +40.861666667 0000 Bronx
+073.960277778 +40.656111111 0000 Brooklyn
-003.228055556 +51.208888889 0000 Brugge
-004.350277778 +50.844722222 0000 Bruxelles
+073.117500000 +07.120833333 0000 Bucaramanga
-026.107500000 +44.433055556 0000 Bucuresti
-019.071111111 +47.510555556 0000 Budapest
+077.001111111 +03.877500000 0000 Buenaventura
+058.390277778 -34.622500000 0000 Buenos Aires
+078.878611111 +42.886388889 0000 Buffalo
-077.826111111 +28.377222222 0000 Buhlandshahr
-029.357500000 -03.380000000 0000 Bujumbura
-028.850000000 -02.530277778 0000 Bukavu
-028.581388889 -20.167777778 0000 Bulawayo
-027.471666667 +42.504444444 0000 Burgas
+003.703055556 +42.339166667 0000 Burgos
-076.226666667 +21.304444444 0000 Burhanpur
+079.739166667 +43.358333333 0000 Burlington
+123.012777778 +49.231666667 0000 Burnaby
-029.068055556 +40.196944444 0000 Bursa
-050.832500000 +28.915277778 0000 Bushehr
-017.994444444 +53.122222222 0000 Bydgoszcz
-018.913611111 +50.345277778 0000 Bytom
+071.400277778 +10.447222222 0000 Cabimas
+006.291666667 +36.527222222 0000 Cadiz
-009.111111111 +39.216388889 0000 Cagliari
+066.034166667 +18.228888889 0000 Caguas
-031.236111111 +30.078055556 0000 Cairo
+078.508055556 -07.166388889 0000 Cajamarca
-008.315833333 +04.959166667 0000 Calabar
-088.357222222 +22.557777778 0000 Calcutta
+114.066666667 +51.065000000 0000 Calgary
+076.521111111 +03.450000000 0000 Cali
-120.979722222 +14.654722222 0000 Calocan
-109.155555556 +11.919166667 0000 Cam Ranh
+077.905000000 +21.381111111 0000 Camagueey
-000.106111111 +52.205277778 0000 Cambridge
+035.875000000 -07.224166667 0000 Campina Grande
+047.075555556 -22.907500000 0000 Campinas
-149.060000000 -35.321111111 0000 Canberra
-075.396944444 +11.869166667 0000 Cannanore
-049.728611111 +52.958055556 0000 Capajevsk
+066.899444444 +10.496111111 0000 Caracas
+003.181944444 +51.478055556 0000 Cardiff
+119.766111111 +39.161388889 0000 Carson City
+000.987500000 +37.605000000 0000 Cartagena
+075.485277778 +10.398055556 0000 Cartagena
+007.615833333 +33.605000000 0000 Casablanca
+000.042500000 +39.983611111 0000 Castellon De La
+060.987500000 +14.011944444 0000 Castries
-015.102500000 +37.506111111 0000 Catania
+052.325833333 +04.938333333 0000 Cayenne
-047.251666667 +56.135833333 0000 Ceboksary
-123.890833333 +10.291666667 0000 Cebu City
+091.634444444 +42.006111111 0000 Cedar Rapids
-088.392222222 +22.890555556 0000 Chandannagar
-076.770277778 +30.728055556 0000 Chandigarh
-125.313333333 +43.871666667 0000 Changchun
-112.971111111 +28.189444444 0000 Changsha
-119.945000000 +31.784722222 0000 Changzhou
-084.751111111 +25.778333333 0000 Chapra
-004.448055556 +50.407500000 0000 Charleroi
+081.632777778 +38.349722222 0000 Charleston
+080.847222222 +35.230555556 0000 Charlotte
+085.309444444 +35.045555556 0000 Chattanooga
-061.382500000 +55.151666667 0000 Cheljabinsk
-012.923611111 +50.831388889 0000 Chemnitz
-104.065277778 +30.666388889 0000 Chengdu
-032.081388889 +49.433611111 0000 Cherkasy
-031.292777778 +51.497222222 0000 Chernigiv
 025.958333333 +48.270833333 0026 Chernivtsi
+076.274444444 +36.817777778 0000 Chesapeake
+104.813611111 +41.133333333 0000 Cheyenne
-140.129166667 +35.609444444 0000 Chiba
+087.624166667 +41.875833333 0000 Chicago
+106.071111111 +28.629166667 0000 Chihuahua
+079.833611111 -06.765277778 0000 Chilayo
+072.101666667 -36.605555556 0000 Chillan
+078.595833333 -09.077500000 0000 Chimbote
-027.832500000 -12.542222222 0000 Chingola
-072.987777778 +31.713333333 0000 Chiniot
-028.855833333 +47.020000000 0000 Chisinau
-091.828333333 +22.336944444 0000 Chittagagong
-079.095833333 +13.206111111 0000 Chittoor
-106.507222222 +29.550555556 0000 Chongqing
-019.000000000 +50.293055556 0000 Chorzow
-172.641666667 -43.526666667 0000 Christchurch
-088.396666667 +22.942777778 0000 Chunchura
-108.348888889 -07.326111111 0000 Ciamis
-107.127222222 -06.812222222 0000 Cianjur
-109.006944444 -07.740000000 0000 Cilacap
-107.485833333 -06.841388889 0000 Cimahi
+084.510833333 +39.097222222 0000 Cincinnati
-108.555000000 -06.712222222 0000 Cirebon
+121.289166667 +38.706388889 0000 Citrus Heights
-012.451111111 +41.898333333 0000 Citta Del Vatic
+106.471944444 +31.741388889 0000 Ciudad Juarez
+109.933333333 +27.489444444 0000 Ciudad Obregon
+081.693611111 +41.499166667 0000 Cleveland
-023.594722222 +46.771666667 0000 Cluj-Napoca
+066.165833333 -17.395833333 0000 Cochabamba
-076.293333333 +09.939444444 0000 Cochin
-076.961666667 +10.992777778 0000 Coimbatore
-079.857222222 +06.915555556 0000 Colombo
+079.887500000 +09.334166667 0000 Colon
+104.820833333 +38.832500000 0000 Colorado Spring
+081.035277778 +34.000555556 0000 Columbia
+082.996388889 +39.962500000 0000 Columbus
+084.988333333 +32.460833333 0000 Columbus
+067.473888889 -45.855277778 0000 Comodoro Rivada
+013.689722222 +09.521388889 0000 Conakry
+073.053611111 -36.833333333 0000 Concepcion
+122.029722222 +37.978055556 0000 Concord
+058.020000000 -31.386944444 0000 Concordia
-028.639444444 +44.173333333 0000 Constanta
-006.611388889 +36.363888889 0000 Constantine
+070.327222222 -27.365555556 0000 Copaido
+004.783888889 +37.887222222 0000 Cordoba
+064.182500000 -31.398888889 0000 Cordoba
+058.813611111 -27.484444444 0000 Corientes
+056.432777778 -25.443333333 0000 Coronel Oviedo
+097.396666667 +27.799722222 0000 Corpus Christi
-002.433333333 +06.350555556 0000 Cotonou
-014.328888889 +51.758055556 0000 Cottbus
+001.503333333 +52.410000000 0000 Coventry
-023.791388889 +44.316111111 0000 Craiova
-079.765000000 +11.748333333 0000 Cuddalore
-078.820000000 +14.472500000 0000 Cuddapah
+079.028888889 -02.902222222 0000 Cuenca
+099.240833333 +18.921944444 0000 Cuernavaca
+056.091666667 -15.609166667 0000 Cuiaba
+063.526111111 +08.126666667 0000 Cuidad Bolivar
+090.525000000 +14.612500000 0000 Cuidad De Guate
+079.508333333 +09.015277778 0000 Cuidad De Panam
+062.641666667 +08.375555556 0000 Cuidad Guiyana
+107.398611111 +24.797500000 0000 Culiacan
+049.250833333 -25.481111111 0000 Curituba
+071.980555556 -13.523333333 0000 Cuzco
-108.444166667 +11.944444444 0000 Da Lat
-108.220277778 +16.031388889 0000 Da Nang
-019.248611111 +50.337222222 0000 Dabrowa Gornicz
+017.443888889 +14.695277778 0000 Dakar
-121.566666667 +38.947222222 0000 Dalan
+096.796111111 +32.781666667 0000 Dallas
-030.472500000 +31.038333333 0000 Damankhur
-036.340833333 +33.533611111 0000 Damascus
-124.382500000 +40.127222222 0000 Dandong
-124.991111111 +46.597777778 0000 Daqing
-039.280000000 -06.819722222 0000 Dar Es Salaam
-085.892222222 +26.159444444 0000 Darbhanga
-008.654722222 +49.868611111 0000 Darmstadt
-113.287500000 +40.083055556 0000 Datong
-026.544722222 +55.873611111 0000 Daugavpils
-089.581111111 +22.806111111 0000 Daulatpur
-075.921388889 +14.456944444 0000 Davangere
-125.610277778 +07.084722222 0000 Davao City
+084.191666667 +39.759444444 0000 Dayton
-021.628611111 +47.544722222 0000 Debrecen
-078.043333333 +30.326944444 0000 Dehra Dun
-077.226944444 +28.663055556 0000 Delhi
-029.090555556 +37.785000000 0000 Denizli
+104.985555556 +39.740000000 0000 Denver
-070.641944444 +30.066111111 0000 Dera Ghazi Khan
+001.485833333 +52.923055556 0000 Derby
+093.608611111 +41.600277778 0000 Des Moines
-012.244444444 +51.831944444 0000 Dessau
+083.046388889 +42.331388889 0000 Detroit
-048.399722222 +32.388888889 0000 Dezful
-090.397777778 +23.710555556 0000 Dhaka
-086.518055556 +23.835833333 0000 Dhanbad
-075.016111111 +15.440000000 0000 Dharwar
-089.991666667 +26.021388889 0000 Dhuburi
-074.773333333 +20.898055556 0000 Dhule
-094.925833333 +27.487777778 0000 Dibrugrh
-077.976666667 +10.357777778 0000 Dindigul
-041.864722222 +09.586666667 0000 Dire Dawe
-040.220833333 +37.926388889 0000 Diyarbakir
-043.142500000 +11.580555556 0000 Djibouti
-034.541666667 +48.520833333 0000 Dniprodzerzhynsk
-035.047500000 +48.459166667 0000 Dnipropetrovsk
-035.741666667 -06.173333333 0000 Dodoma
-037.791666667 +48.020833333 0000 Donetsk
-113.739444444 +23.041666667 0000 Dongguan
-004.677777778 +51.795277778 0000 Dordrecht
-007.470000000 +51.515000000 0000 Dortmund
-009.697777778 +04.044444444 0000 Douala
+075.526111111 +39.161111111 0000 Dover
-013.738888889 +51.051666667 0000 Dresden
+006.270833333 +53.344166667 0000 Dublin
-006.785277778 +51.225000000 0000 Duesseldorf
-006.763055556 +51.432777778 0000 Duisburg
+002.968888889 +56.458333333 0000 Dundee
-170.476111111 -45.893055556 0000 Dunedin
+104.660833333 +24.024166667 0000 Durango
-031.035277778 -29.845277778 0000 Durban
-081.285277778 +21.184166667 0000 Durg
-087.364166667 +23.505833333 0000 Durgapur
+078.898611111 +35.993611111 0000 Durham
-068.773888889 +38.573611111 0000 Dusanbe
-113.114166667 +29.366944444 0000 Dyueyang
-045.203611111 -12.799444444 0000 Dzaoudzi
-027.906111111 -32.996388889 0000 East London
-001.321944444 +36.170555556 0000 Ech-Cheliff
+003.208888889 +55.948611111 0000 Edinburgh
+113.522500000 +53.558055556 0000 Edmonton
-005.476944444 +51.444722222 0000 Eindhoven
-030.836111111 +29.313055556 0000 El Faiyum
+118.026944444 +34.068888889 0000 El Monte
+106.487222222 +31.758611111 0000 El Paso
-039.231944444 +38.674166667 0000 Elazig
-019.401111111 +54.157500000 0000 Elblag
+000.706111111 +38.261666667 0000 Elche
-031.213055556 +30.078055556 0000 El-Giza
-081.113611111 +16.709166667 0000 Eliru
+074.208333333 +40.660277778 0000 Elizabeth
-031.235277778 +30.961111111 0000 El-Mahalla El-K
-031.387222222 +31.009166667 0000 El-Mansura
-030.749722222 +28.086388889 0000 El-Minya
-046.135277778 +51.471388889 0000 Engels
-006.898888889 +52.217222222 0000 Enschede
-007.490833333 +06.446944444 0000 Enugu
-011.026388889 +50.976388889 0000 Erfurt
+080.084722222 +42.130277778 0000 Erie
-077.733888889 +11.337222222 0000 Erode
-041.266666667 +39.901388889 0000 Erzurum
+000.622222222 +35.652500000 0000 Es Senia
+117.086111111 +33.120000000 0000 Escondido
+090.781944444 +14.300000000 0000 Escuintla
-030.525000000 +39.776666667 0000 Eskisehir
+079.661388889 +00.957777778 0000 Esmeraldas
-007.018333333 +51.458888889 0000 Essen
-079.021666667 +26.773888889 0000 Etawah
+123.085555556 +44.053055556 0000 Eugene
+087.543611111 +37.977222222 0000 Evansville
-073.077222222 +31.416388889 0000 Faisalabad
-082.142777778 +26.778888889 0000 Faizabad
-077.316111111 +28.349722222 0000 Faridabad
-079.634722222 +27.364722222 0000 Farrukhabad
+038.963333333 -12.249166667 0000 Feira De Santan
-124.073888889 +40.451944444 0000 Fengcheng
+004.998055556 +34.060555556 0000 Fes
-011.240277778 +43.778611111 0000 Firenze
-078.394166667 +27.150000000 0000 Firozabad
-074.645000000 +30.928055556 0000 Firozpur
+083.687222222 +43.012500000 0000 Flint
+048.526111111 -27.614722222 0000 Florianopolis
+073.080277778 +07.051388889 0000 Florida Blanca
+058.174722222 -26.172500000 0000 Formosa
+080.143888889 +26.121666667 0000 Fort Lauderdale
+085.134166667 +41.078055556 0000 Fort Wayne
+097.332222222 +32.758055556 0000 Fort Worth
+038.578055556 -03.776111111 0000 Fortaleza
+084.873888889 +38.201111111 0000 Frankfort
-008.688333333 +50.103888889 0000 Frankfurt Am Ma
+013.213333333 +08.482222222 0000 Freetown
-007.841944444 +47.993333333 0000 Freiburg
+122.005833333 +37.558055556 0000 Fremont
+119.788333333 +36.743611111 0000 Fresno
-130.406388889 +33.590000000 0000 Fukuoka
+117.923333333 +33.870555556 0000 Fullerton
-123.908055556 +41.891666667 0000 Fushun
-121.651111111 +41.999166667 0000 Fuxin
-119.287777778 +26.096666667 0000 Fuzhou
-025.908888889 -24.656944444 0000 Gaborone
-075.627500000 +15.419722222 0000 Gadag
-028.033611111 +45.438888889 0000 Galati
-046.360833333 +40.686666667 0000 Gandza
-073.873888889 +29.913888889 0000 Ganganagar
+117.936944444 +33.774166667 0000 Garden Grove
-088.253611111 +22.574444444 0000 Garden Reach
+096.647777778 +32.908888889 0000 Garland
+087.356944444 +41.601944444 0000 Gary
+001.598611111 +54.965000000 0000 Gateshead
-084.995277778 +24.797500000 0000 Gaya
-037.368611111 +37.062500000 0000 Gazi Antep
-018.645555556 +54.353333333 0000 Gdansk
-007.094166667 +51.512777778 0000 Gelsenkirchen
-006.141388889 +46.210277778 0000 Geneve
-008.945833333 +44.404444444 0000 Genova
-003.726666667 +51.051388889 0000 Gent
-100.338333333 +05.418888889 0000 George Town
+058.147777778 +06.806388889 0000 Georgetown
-012.073611111 +50.871666667 0000 Gera
+003.732222222 +40.308055556 0000 Getafe
+001.854722222 +35.097500000 0000 Ghazaouet
-077.416944444 +28.668055556 0000 Ghaziabad
+005.352222222 +36.131111111 0000 Gibraltar
+005.665277778 +43.538333333 0000 Gijon
+004.256666667 +55.851666667 0000 Glasgow
+112.185277778 +33.538888889 0000 Glendale
+118.253888889 +34.142500000 0000 Glendale
-018.664166667 +50.286111111 0000 Gliwice
-090.615833333 +26.178888889 0000 Goalpara
+068.833611111 -32.929722222 0000 Godoy Cruz
-011.973333333 +57.696111111 0000 Goeteborg
+049.258611111 -16.690277778 0000 Goiana
-080.205555556 +21.440833333 0000 Gondia
-083.367777778 +26.759722222 0000 Gorakhpur
-054.425833333 +36.841388889 0000 Gorgan
-038.038888889 +48.341388889 0000 Gorlova
-015.238611111 +52.732222222 0000 Gorzow Wielkopo
+003.598611111 +37.178888889 0000 Granada
+085.667777778 +42.963055556 0000 Grand Rapids
-015.423333333 +47.061666667 0000 Graz
+079.793888889 +36.072500000 0000 Greensboro
-006.561666667 +53.221388889 0000 Groningen
-045.681388889 +43.303611111 0000 Groznyj
-018.751944444 +53.486388889 0000 Grudziadz
+103.333333333 +20.694166667 0000 Guadalajara
-113.294166667 +23.138611111 0000 Guangzhou
+075.212777778 +20.137777778 0000 Guantanamo
+046.258333333 -23.992222222 0000 Guaruja
+046.526111111 -23.469722222 0000 Guarulhos
+079.890000000 -02.198611111 0000 Guayaquil
-106.700000000 +26.582222222 0000 Guiyang
-074.184722222 +32.159722222 0000 Gujranwala
-074.078611111 +32.576666667 0000 Gujurat
-076.824444444 +17.337500000 0000 Gulbarga
-080.450277778 +16.298333333 0000 Guntur
-077.028888889 +28.463888889 0000 Gurgoan
-051.917222222 +47.116388889 0000 Gurjev
-091.733055556 +26.178888889 0000 Guwahati
-078.156111111 +26.197500000 0000 Gwalior
-017.650000000 +47.680833333 0000 Gyor
-105.837222222 +21.034166667 0000 Ha Noi
-004.637500000 +52.389722222 0000 Haarlem
-007.474722222 +51.361111111 0000 Hagen
-106.683333333 +20.860000000 0000 Hai Phong
-035.000000000 +32.794444444 0000 Haifa
-037.143611111 +36.206666667 0000 Halab
-011.981111111 +51.478888889 0000 Halle
-048.513611111 +34.796944444 0000 Hamadan
-036.748888889 +35.136388889 0000 Hamah
-010.007777778 +53.545277778 0000 Hamburg
-127.538888889 +39.916666667 0000 Hamhung
+079.870277778 +43.255277778 0000 Hamilton
+076.350000000 +37.025277778 0000 Hampton
-114.468888889 +36.610555556 0000 Handan
-120.159444444 +30.249166667 0000 Hangzhou
-009.728888889 +52.367777778 0000 Hannover
-088.316666667 +22.518333333 0000 Haora
-031.049722222 -17.822777778 0000 Harare
-126.612222222 +45.729722222 0000 Harbin
-078.139166667 +29.934722222 0000 Haridwar
+076.882222222 +40.259444444 0000 Harrisburg
+072.669722222 +41.765555556 0000 Hartford
-036.164444444 +36.201666667 0000 Hatay
+122.080000000 +37.668888889 0000 Hayward
-117.277777778 +31.858055556 0000 Hefei
-130.329166667 +47.327777778 0000 Hegang
-008.679166667 +49.404444444 0000 Heidelberg
+112.035555556 +46.592500000 0000 Helena
-024.942500000 +60.167500000 0000 Helsinki
-112.591944444 +26.899722222 0000 Hengyang
-062.179166667 +34.373888889 0000 Herat
+110.930000000 +29.098333333 0000 Hermosillo
+080.267222222 +25.866111111 0000 Hialeah
-135.589444444 +34.721666667 0000 Higashi-Osaka
-005.179722222 +52.220833333 0000 Hilversum
-036.726666667 +34.739166667 0000 Hims
-132.446388889 +34.385833333 0000 Hiroshima
-111.630000000 +40.850277778 0000 Hohhot
+076.257222222 +20.888888889 0000 Holguin
+080.151111111 +26.010833333 0000 Hollywood
-034.777222222 +32.037777778 0000 Holon
+157.864166667 +21.311388889 0000 Honolulu
-076.383611111 +15.265555556 0000 Hospet
+095.363333333 +29.763611111 0000 Houston
-088.344444444 +22.571388889 0000 Howrah
-117.017222222 +32.653888889 0000 Huainan
+075.210277778 -12.079166667 0000 Huancayo
+076.238888889 -09.930277778 0000 Huanuco
-075.139166667 +15.348055556 0000 Hubli
+001.792500000 +53.647500000 0000 Huddersfield
-107.599166667 +16.463611111 0000 Hue
+118.000833333 +33.657222222 0000 Huntington Beac
+086.596388889 +34.726111111 0000 Huntsville
-120.092777778 +30.860833333 0000 Huzhou
-068.368611111 +25.383611111 0000 Hyderabad
-078.484166667 +17.385277778 0000 Hyderabad
-027.582222222 +47.155833333 0000 Iasi
-003.892222222 +07.391666667 0000 Ibadan
+075.237500000 +04.442500000 0000 Ibague
+075.745277778 -14.072777778 0000 Ica
-034.633888889 +36.798055556 0000 Icel
-074.475277778 +16.659166667 0000 Ichalkarandi
+039.043611111 -14.784166667 0000 Ilheus
-122.563888889 +10.694444444 0000 Iloilo City
-093.920277778 +24.782777778 0000 Imphal
-126.666944444 +37.452500000 0000 Inchon
+094.411666667 +39.093611111 0000 Independence
+086.156111111 +39.766944444 0000 Indianapolis
-075.866111111 +22.717222222 0000 Indore
+118.352222222 +33.961666667 0000 Inglewood
-011.399722222 +47.269722222 0000 Innsbruck
-101.104722222 +04.591666667 0000 Ipoh
-001.145833333 +52.056111111 0000 Ipswich
+070.140277778 -20.222500000 0000 Iquique
+101.352777778 +20.668611111 0000 Irapuato
-035.853055556 +32.552777778 0000 Irbid
-104.294166667 +52.297777778 0000 Irkutsk
+117.825833333 +33.665833333 0000 Irvine
+096.949722222 +32.813611111 0000 Irving
-051.666944444 +32.663333333 0000 Isfahan
-073.094722222 +33.675000000 0000 Islamabad
-030.560555556 +37.761111111 0000 Isparta
-028.959722222 +41.006944444 0000 Istanbul
+039.273055556 -14.793333333 0000 Itabuna
+075.609444444 +06.173055556 0000 Itaguei
+046.810833333 -24.193333333 0000 Itanhaem
+046.369166667 -23.485833333 0000 Itaquaquecetuba
 024.723333333 +48.921388889 0026 Ivano-Frankivsk
-040.996666667 +57.011666667 0000 Ivanovo
-027.178333333 +38.447777778 0000 Izmir
-079.947222222 +23.161388889 0000 Jabalpur
+090.180833333 +32.296944444 0000 Jackson
+081.656388889 +30.331944444 0000 Jacksonville
+053.366111111 -32.564722222 0000 Jaguarao
-078.115277778 +28.380833333 0000 Jahngirabad
-075.819722222 +26.913611111 0000 Jaipur
-106.806388889 -06.186111111 0000 Jakarta
+096.906111111 +19.535277778 0000 Jalapa
-075.559722222 +21.009166667 0000 Jalgaon
-075.891111111 +19.843888889 0000 Jalna
-103.601944444 -01.620555556 0000 Jambi
-070.068611111 +22.455555556 0000 Jamnagar
-086.213333333 +22.843333333 0000 Jamshedpur
-039.881666667 +57.623333333 0000 Jaroslavl
-018.570833333 +49.954166667 0000 Jastrzebie Zdro
-082.688888889 +25.747222222 0000 Jaunpur
+092.175555556 +38.574166667 0000 Jefferson City
-060.598333333 +56.843333333 0000 Jekaterinburg
-113.703888889 -08.166944444 0000 Jember
-011.588611111 +50.931388889 0000 Jena
-044.562222222 +40.201111111 0000 Jerevan
+006.137500000 +36.683333333 0000 Jerez De La Fro
-035.451666667 +31.857500000 0000 Jericho
+074.073888889 +40.725000000 0000 Jersey City
-035.203055556 +31.792222222 0000 Jerusalem
-082.568611111 +18.868333333 0000 Jeypore
-078.583055556 +25.438333333 0000 Jhansi
-073.721388889 +32.928888889 0000 Jhelum
-072.322777778 +31.276388889 0000 Jhjhangsadar
-130.366666667 +46.803333333 0000 Jiamusi
-120.744444444 +30.759722222 0000 Jiaxing
-039.191666667 +21.474722222 0000 Jiddah
-126.561111111 +43.876388889 0000 Jilin
-116.988611111 +36.653888889 0000 Jinan
-117.270277778 +29.305833333 0000 Jingdezhen
-119.656666667 +29.107222222 0000 Jinhua
-121.105555556 +41.103055556 0000 Jinzhou
-130.977777778 +45.288333333 0000 Jixi
+034.855833333 -07.130555556 0000 Joao Pessoa
-073.033333333 +26.300000000 0000 Jodhpur
-028.034722222 -26.177500000 0000 Johannesburg
-103.771111111 +01.458333333 0000 Johor Baharu
+048.847222222 -26.312777778 0000 Joinville
+043.355277778 -21.750000000 0000 Juiz De Fora
+070.135555556 -15.499166667 0000 Juliaca
-075.576666667 +31.320000000 0000 Jullundur
-070.458333333 +21.516388889 0000 Junagadh
+134.158888889 +58.206944444 0000 Juneau
-018.423333333 -33.899722222 0000 Kaapstad
-069.195277778 +34.515555556 0000 Kabul
-007.435833333 +10.520000000 0000 Kaduna
-130.522777778 +31.602222222 0000 Kagoshima
-036.926666667 +37.580277778 0000 Kahraman Maras
-114.344722222 +34.788611111 0000 Kaifeng
-007.764444444 +49.443611111 0000 Kaiserslautern
-082.239166667 +16.939166667 0000 Kakinada
-020.516944444 +54.706388889 0000 Kaliningrad
-018.086388889 +51.764444444 0000 Kalisz
-073.157222222 +19.233333333 0000 Kalyan
-088.382777778 +22.812222222 0000 Kamarhati
-032.576666667 +00.321111111 0000 Kampali
-022.396111111 -05.890833333 0000 Kananga
-079.653888889 +12.868333333 0000 Kanchipuram
-008.528333333 +12.003611111 0000 Kano
-080.335555556 +26.461388889 0000 Kanpur
+094.578333333 +39.099722222 0000 Kansas City
+094.625833333 +39.102777778 0000 Kansas City
+016.078611111 +14.136666667 0000 Kaolack
-120.278611111 +22.618333333 0000 Kaoshang
-067.008333333 +24.851111111 0000 Karachi
-073.170555556 +49.876388889 0000 Karaganda
-050.992500000 +35.820833333 0000 Karaj
-012.870277778 +50.230000000 0000 Karlovy Vary
-008.397222222 +49.008888889 0000 Karlsruhe
-076.989722222 +29.690277778 0000 Karnal
-051.447222222 +33.989722222 0000 Kashan
-009.508611111 +51.318888889 0000 Kassel
-074.462222222 +31.125277778 0000 Kasur
-085.879166667 +20.468611111 0000 Kataka
-085.315833333 +27.705833333 0000 Kathmandu
-087.568888889 +25.544444444 0000 Katihar
-019.022777778 +50.261944444 0000 Katowice
-023.898333333 +54.896666667 0000 Kaunas
-139.732777778 +35.563611111 0000 Kawasaki
-035.491666667 +38.727500000 0000 Kayseri
-049.075833333 +55.820277778 0000 Kazan
-112.016111111 -07.831111111 0000 Kediri
-101.443888889 +03.032500000 0000 Kelang
-086.050277778 +55.365555556 0000 Kemerovo
-057.065000000 +30.290833333 0000 Kerman
-135.129722222 +48.415833333 0000 Khabarovsk
-076.355277778 +21.821388889 0000 Khandwa
-071.925277778 +30.311111111 0000 Khanewal
-087.322222222 +22.334166667 0000 Kharagpur
 036.208333333 +49.979166667 0013 Kharkiv
-032.533055556 +15.633055556 0000 Khartoum
-032.625000000 +46.645833333 0000 Kherson
-051.540000000 +32.679166667 0000 Khomeynishar
-048.355555556 +33.487500000 0000 Khorramabad
-048.172777778 +30.437222222 0000 Khorramshahr
-044.968611111 +38.545000000 0000 Khvoy
-010.124722222 +54.302222222 0000 Kiel
-020.639166667 +50.870833333 0000 Kielce
-030.059444444 -01.954166667 0000 Kigali
-018.838888889 -05.025555556 0000 Kikwit
-024.758611111 -28.738611111 0000 Kimberley
+000.316944444 +53.739166667 0000 Kingston Upon H
+076.802500000 +17.993333333 0000 Kingston
+061.231111111 +13.162500000 0000 Kingstown
-015.324722222 -04.328333333 0000 Kinshasa
-033.512222222 +39.845277778 0000 Kirikkale
-044.395277778 +35.468055556 0000 Kirkuk
-049.647777778 +58.600833333 0000 Kirov
-032.272500000 +48.512222222 0000 Kirovograd
-025.197222222 +00.522222222 0000 Kisangani
-086.655555556 +53.970555556 0000 Kiselevsk
-130.895277778 +33.865000000 0000 Kitakyushu
+080.481388889 +43.435277778 0000 Kitchener
-028.209722222 -12.814722222 0000 Kitwe
-021.155000000 +55.683333333 0000 Klaipeda
+083.921111111 +35.960833333 0000 Knoxville
-135.243333333 +34.720277778 0000 Kobe
-012.566944444 +55.672222222 0000 Kobenhavn
-007.586944444 +50.360833333 0000 Koblenz
-029.956666667 +40.765277778 0000 Kocaeli
-006.959166667 +50.936666667 0000 Koeln
-069.383888889 +53.290833333 0000 Kokcetav
-074.222500000 +16.695000000 0000 Kolhapur
-032.498611111 +37.867500000 0000 Konya
-061.614166667 +55.113611111 0000 Kopejsk
-003.267222222 +50.828888889 0000 Kortrijk
-021.261944444 +48.716111111 0000 Kosice
-016.172500000 +54.188055556 0000 Koszalin
-102.243055556 +06.114444444 0000 Kota Baharu
-075.853888889 +25.197777778 0000 Kota
-114.183888889 +22.314722222 0000 Kowloon
-075.783333333 +11.247500000 0000 Kozhikode
-019.931666667 +50.051111111 0000 Krakow
-037.565277778 +48.730277778 0000 Kramatorsk
-038.982777778 +45.036944444 0000 Krasnodar
-093.049166667 +56.028888889 0000 Krasnoyarsk
-038.908333333 +48.121666667 0000 Krasnyj Luch
-006.567500000 +51.333333333 0000 Krefeld
-033.428888889 +49.073611111 0000 Kremencug
-033.380000000 +47.894444444 0000 Kryvyi Rig
-101.696111111 +03.169166667 0000 Kuala Lumpur
-103.141944444 +05.328611111 0000 Kuala Terenggan
-103.325000000 +03.801388889 0000 Kuantan
-130.709444444 +32.803611111 0000 Kumamoto
+001.624166667 +06.698611111 0000 Kumasi
-079.380000000 +10.957777778 0000 Kumbakonam
-102.711666667 +25.025833333 0000 Kunming
-065.320000000 +55.441111111 0000 Kurgan
-078.039722222 +15.828888889 0000 Kurnool
-036.182777778 +51.732777778 0000 Kursk
-063.631388889 +53.217500000 0000 Kustanaj
-029.989722222 +39.416388889 0000 Kutahya
-048.017222222 +29.305277778 0000 Kuwait
-126.902222222 +35.157222222 0000 Kwangyu
 030.561944444 +50.417222222 0015 Kyiv
-135.751944444 +35.017500000 0000 Kyoto
+008.408888889 +43.362222222 0000 La Coruna
+082.372500000 +23.106666667 0000 La Habana
+068.145833333 -16.494166667 0000 La Paz
+057.956666667 -34.912222222 0000 La Plata
+071.245000000 -29.900555556 0000 La Serena
-009.819166667 +44.105000000 0000 La Spezia
+050.300000000 -27.811111111 0000 Lages
-003.439166667 +06.447222222 0000 Lagos
-074.313888889 +31.600000000 0000 Lahore
+105.062222222 +39.696666667 0000 Lakewood
+084.545000000 +42.727222222 0000 Lansing
+058.278333333 -34.816388889 0000 Lanus
-103.558333333 +36.107222222 0000 Lanzhou
+099.507222222 +27.505833333 0000 Laredo
-068.207500000 +27.561388889 0000 Larkana
+115.136111111 +36.174722222 0000 Las Vegas
+078.606388889 -00.927222222 0000 Latacunga
-035.785833333 +35.524722222 0000 Latakia
-076.562222222 +18.400000000 0000 Latur
-006.636388889 +46.518055556 0000 Lausanne
+073.565833333 +45.558611111 0000 Laval
+001.548888889 +53.800555556 0000 Leeds
+003.764722222 +40.330277778 0000 Leganes
-123.751111111 +13.138611111 0000 Legazpi
-016.157500000 +51.209722222 0000 Legnica
+001.134166667 +52.631111111 0000 Leicester
-004.482777778 +52.158888889 0000 Leiden
-012.376388889 +51.345277778 0000 Leipzig
+101.687500000 +21.123888889 0000 Leon
+005.569722222 +42.600555556 0000 Leon
+086.881666667 +12.425000000 0000 Leon
+084.500277778 +38.048055556 0000 Lexington
-125.131944444 +42.905000000 0000 Liaoyuan
-009.449722222 +00.385833333 0000 Libreville
-005.559722222 +50.642500000 0000 Liege
-021.012500000 +56.511666667 0000 Liepaja
-033.768611111 -13.980555556 0000 Lilongwe
+077.039444444 -12.081111111 0000 Lima
-033.046111111 +34.694722222 0000 Limassol
+096.663055556 +40.813333333 0000 Lincoln
-014.296944444 +48.300833333 0000 Linz
+009.147222222 +38.724166667 0000 Lisboa
+092.287500000 +34.746388889 0000 Little Rock
+002.981111111 +53.416388889 0000 Liverpool
+083.373888889 +42.402500000 0000 Livonia
-014.505000000 +46.058055556 0000 Ljubljana
-019.447777778 +51.795000000 0000 Lodz
+002.445833333 +42.463055556 0000 Logrono
+058.390555556 -34.864166667 0000 Lomas De Zamora
-001.225555556 +06.122777778 0000 Lome
+000.130277778 +51.484444444 0000 London
+081.228888889 +42.986666667 0000 London
+051.166388889 -23.305000000 0000 Londrina
+118.188333333 +33.766944444 0000 Long Beach
+073.474166667 +45.503333333 0000 Longueuil
+118.242222222 +34.052222222 0000 Los Angeles
+085.768055556 +38.254722222 0000 Louisville
+071.315833333 +42.638611111 0000 Lowell
-013.231944444 -08.813611111 0000 Luanda
+101.855000000 +33.577500000 0000 Lubbock
-037.881388889 +55.668888889 0000 Lubercy
-022.560277778 +51.251111111 0000 Lublin
-027.485833333 -11.670000000 0000 Lubumbashi
-080.934722222 +26.838055556 0000 Lucknow
-075.853611111 +30.903333333 0000 Ludhiana
-008.439166667 +49.478888889 0000 Ludwigshafen
-010.681944444 +53.866111111 0000 Luebeck
-039.291666667 +48.562500000 0000 Lugansk
-109.392777778 +24.297777778 0000 Luizhou
-112.408333333 +34.670833333 0000 Luoyang
-028.280833333 -15.414444444 0000 Lusaka
+000.407777778 +51.880000000 0000 Luton
-025.375000000 +50.729166667 0000 Lutsk
-006.125000000 +49.609722222 0000 Luxembourg
 024.040277778 +49.842222222 0034 Lviv
-005.712777778 +50.858611111 0000 Maastricht
+035.727222222 -09.660833333 0000 Maceio
+079.945000000 -03.271111111 0000 Machala
-081.139444444 +16.183611111 0000 Machilipatnam
+083.633055556 +32.840277778 0000 Macon
+089.400555556 +43.067500000 0000 Madison
-111.519722222 -07.628055556 0000 Madiun
-080.279444444 +13.074166667 0000 Madras
+003.692500000 +40.406388889 0000 Madrid
-078.127500000 +09.912222222 0000 Madurai
-011.619166667 +52.120277778 0000 Magdeburg
-110.213055556 -07.482777778 0000 Magelang
-058.964722222 +53.396111111 0000 Magnitogorsk
-013.156111111 +11.850000000 0000 Maiduguri
-008.262777778 +50.004444444 0000 Mainz
+070.714166667 -33.510833333 0000 Maipu
-037.995277778 +48.044444444 0000 Makejevka
-039.806666667 +21.440833333 0000 Makkah
-008.774166667 +03.752222222 0000 Malabo
+004.428611111 +36.716944444 0000 Malaga
-112.627777778 -07.971666667 0000 Malang
-038.303888889 +38.348888889 0000 Malatya
-048.819166667 +34.292777778 0000 Malayer
-074.519166667 +20.548333333 0000 Malegaon
-013.010000000 +55.576111111 0000 Malmoe
-124.843333333 +01.488333333 0000 Manado
+086.267500000 +12.141944444 0000 Managua
+060.008611111 -03.117500000 0000 Manaus
+002.249444444 +53.480000000 0000 Manchester
+071.454166667 +42.995555556 0000 Manchester
-096.068333333 +21.968055556 0000 Mandalay
-076.895000000 +12.523611111 0000 Mandya
-074.846666667 +12.872500000 0000 Mangalore
+073.958333333 +40.789722222 0000 Manhattan
-120.973611111 +14.579722222 0000 Manila
-027.430000000 +38.620000000 0000 Manisa
+075.520833333 +05.068888889 0000 Manizales
-008.472222222 +49.482777778 0000 Mannheim
+080.710833333 -00.947777778 0000 Manta
-032.580277778 -25.968611111 0000 Maputo
+057.572777778 -37.990277778 0000 Mar Del Plata
+071.655555556 +10.613333333 0000 Maracaibo
+067.596388889 +10.244444444 0000 Maracay
-046.233333333 +37.384166667 0000 Maragheh
-072.038888889 +34.197222222 0000 Mardan
-015.648888889 +46.555833333 0000 Maribor
+112.047222222 +33.058611111 0000 Maricopa
-121.114722222 +14.582222222 0000 Marikina
-037.597777778 +47.110833333 0000 Mariupol
+008.001388889 +31.627500000 0000 Marrakech
-027.485277778 -29.297500000 0000 Maseru
-059.612777778 +36.287777778 0000 Mashhad
-049.279444444 +31.975555556 0000 Masjed-E-Soleym
-013.482777778 -05.808055556 0000 Matadi
+097.503055556 +25.874444444 0000 Matamoros
+081.575277778 +23.049444444 0000 Matanzas
-077.684444444 +27.495555556 0000 Mathura
+063.178611111 +09.746111111 0000 Maturin
+046.462777778 -23.668055556 0000 Maua
-067.108055556 +36.707500000 0000 Mazar E Shariff
+106.414722222 +23.210000000 0000 Mazatlkan
-031.141111111 -26.318611111 0000 Mbabane
-018.271111111 +00.046666667 0000 Mbandaka
-023.626388889 -06.107777778 0000 Mbuji-Mayi
-098.660555556 +03.577500000 0000 Medan
+075.580000000 +06.245000000 0000 Medellin
-039.612777778 +24.466388889 0000 Medina
-077.699166667 +28.990555556 0000 Meerut
+005.562777778 +33.901388889 0000 Meknes
-144.951388889 -37.805833333 0000 Melbourne
-035.375555556 +46.844444444 0000 Melitopol
+090.043333333 +35.148055556 0000 Memphis
+068.833333333 -32.895833333 0000 Mendoza
+071.129444444 +08.630555556 0000 Merida
+089.618333333 +20.982777778 0000 Merida
+111.822222222 +33.422500000 0000 Mesa
+096.598888889 +32.766111111 0000 Mesquite
-015.556111111 +38.194166667 0000 Messina
-012.232777778 +45.491111111 0000 Mestre
+090.156111111 +29.980833333 0000 Metairie
+099.180833333 +19.363888889 0000 Mexico City
+080.193888889 +25.774166667 0000 Miami
-104.731666667 +31.468333333 0000 Mianyang
+001.258333333 +54.574166667 0000 Middlesbrough
+079.588888889 -02.130277778 0000 Milagro
-009.178055556 +45.477222222 0000 Milano
+000.730000000 +52.026944444 0000 Milton Keynes
+087.906388889 +43.041111111 0000 Milwaukee
-072.365000000 +34.782500000 0000 Mingaora
+093.268611111 +44.971944444 0000 Minneapolis
-027.564444444 +53.907500000 0000 Minsk
-069.013611111 +25.526388889 0000 Mirpur Khas
-082.563611111 +25.145833333 0000 Mirzapur
-020.790833333 +48.111666667 0000 Miskolc
-015.100555556 +32.377222222 0000 Misratah
+079.579722222 +43.556666667 0000 Missisauga
+088.042777778 +30.694166667 0000 Mobile
-010.921388889 +44.642222222 0000 Modena
+121.000000000 +37.639722222 0000 Modesto
-006.433611111 +51.190555556 0000 Moenchengladbac
-045.328888889 +02.083611111 0000 Mogadishu
+046.194444444 -23.524722222 0000 Moji Das Cruzes
-039.672500000 -04.063888889 0000 Mombasa
-007.423333333 +43.728888889 0000 Monaco
+046.643611111 -24.102500000 0000 Mongagua
+010.794166667 +06.300000000 0000 Monrovia
+100.292500000 +25.681666667 0000 Monterrey
+056.146388889 -34.904166667 0000 Montevideo
+086.300000000 +32.367222222 0000 Montgomery
+072.575555556 +44.260000000 0000 Montpelier
+073.591388889 +45.482222222 0000 Montreal
-078.774722222 +28.835555556 0000 Moradabad
+101.185277778 +19.695833333 0000 Morella
+058.480000000 -34.645833333 0000 Moron
-043.241111111 -11.700277778 0000 Moroni
 037.630000000 +55.752500000 0015 Moskva
-000.084722222 +35.934166667 0000 Mostaganem
-097.628888889 +16.498333333 0000 Moulmein
-129.565833333 +44.530277778 0000 Mudanjiang
-006.875555556 +51.432222222 0000 Muelheim
-011.567500000 +48.140833333 0000 Muenchen
-007.632222222 +51.961388889 0000 Muenster
-071.466111111 +30.190555556 0000 Multan
-080.391388889 +23.833055556 0000 Murwara
-058.592222222 +23.608611111 0000 Muscat
-077.694722222 +29.466111111 0000 Muzzaffarnagar
-085.386111111 +26.118611111 0000 Muzzaffarpur
-032.885833333 -02.515555556 0000 Mwanza
-032.037500000 +46.965000000 0000 Mykolajiv
-076.652500000 +12.298888889 0000 Mysore
-072.866666667 +22.686388889 0000 Nadiad
-077.425833333 +08.176388889 0000 Nagercoil
-136.920000000 +35.163611111 0000 Nagoya
-079.084722222 +21.151388889 0000 Nagpur
-036.812222222 -01.282500000 0000 Nairobi
-051.371111111 +32.637777778 0000 Najafabad
-115.897777778 +28.680833333 0000 Nancheng
-077.305277778 +19.161388889 0000 Nanded
-118.768055556 +32.020833333 0000 Nanjing
-014.251111111 +40.834166667 0000 Napoli
-073.792222222 +20.001666667 0000 Nashik
+086.783333333 +36.165000000 0000 Nashville
+035.230277778 -05.802777778 0000 Natal
-072.962222222 +20.947777778 0000 Navsari
-068.405833333 +26.237222222 0000 Nawabshah
-015.035555556 +12.112222222 0000 Ndjamena
-028.641111111 -12.974166667 0000 Ndola
+075.281388889 +02.930555556 0000 Neiva
-079.981944444 +14.446388889 0000 Nellore
-034.859444444 +32.347500000 0000 Netanya
+068.223333333 -38.952777778 0000 Neuquen
-077.262777778 +28.560833333 0000 New Delhi
+072.922500000 +41.301666667 0000 New Haven
+090.088333333 +29.946111111 0000 New Orleans
+073.982500000 +40.766111111 0000 New York
+074.166944444 +40.734166667 0000 Newark
+001.623611111 +54.970277778 0000 Newcastle-Upon-
+076.429166667 +36.978888889 0000 Newport News
+002.998611111 +51.585000000 0000 Newport
-058.803333333 +36.196388889 0000 Neyshabur
-109.196666667 +12.251388889 0000 Nha Trang
-002.115833333 +13.516388889 0000 Niamey
-033.359166667 +35.169166667 0000 Nicosia
-005.860277778 +51.842222222 0000 Nijmegen
-034.414166667 +47.561944444 0000 Nikopol
-121.541388889 +29.874722222 0000 Ningbo
-021.901388889 +43.320000000 0000 Nis
+043.106666667 -22.878611111 0000 Niteroi
-078.099166667 +18.671944444 0000 Nizambad
-043.944444444 +56.296388889 0000 Niznij Novgorod
-059.968055556 +57.923888889 0000 Niznij Tagil
+076.283611111 +36.846111111 0000 Norfolk
+000.890555556 +52.233611111 0000 Northampton
-001.297222222 +52.630000000 0000 Norwich
+001.162500000 +52.955833333 0000 Nottingham
+016.021111111 +18.316666667 0000 Nouakchott
+043.458888889 -22.738611111 0000 Nova Iguacu
-008.623611111 +45.452222222 0000 Novara
-019.832222222 +45.251111111 0000 Novi Sad
-049.953888889 +53.075000000 0000 Novokuybyshevsk
-087.112222222 +53.749722222 0000 Novokuzneck
-038.185833333 +54.073611111 0000 Novomoskovsk
-082.926944444 +55.010277778 0000 Novosibirsk
-011.082500000 +49.440000000 0000 Nuernberg
+099.515833333 +27.486388889 0000 Nuevo Laredo
+122.269722222 +37.804722222 0000 Oakland
-006.864166667 +51.467500000 0000 Oberhausen
+117.378611111 +33.196111111 0000 Oceanside
-010.388611111 +55.396388889 0000 Odense
-030.705277778 +46.470833333 0000 Odessa
-008.768611111 +50.095277778 0000 Offenbach
-073.456944444 +30.803888889 0000 Okara
-133.928888889 +34.666388889 0000 Okayama
+097.516111111 +35.467500000 0000 Oklahoma City
-008.206388889 +53.141111111 0000 Oldenburg
+034.901666667 -08.000555556 0000 Olinda
+058.494722222 -34.544444444 0000 Olivos
-120.274166667 +14.840000000 0000 Olongapo
-020.478333333 +53.771111111 0000 Olsztyn
+122.899444444 +47.038055556 0000 Olympia
+095.940833333 +41.258611111 0000 Omaha
-032.483888889 +15.640833333 0000 Omdurman
-073.386666667 +54.976111111 0000 Omsk
+117.627500000 +34.055000000 0000 Ontario
-021.933611111 +47.051388889 0000 Oradea
+000.623611111 +35.705277778 0000 Oran
+117.852222222 +33.788055556 0000 Orange
-036.079166667 +52.961111111 0000 Orel
-055.100000000 +51.791666667 0000 Orenburg
+081.379166667 +28.545277778 0000 Orlando
-058.552500000 +51.205000000 0000 Orsk
-045.082500000 +37.537777778 0000 Orumiyeh
-135.502777778 +34.652500000 0000 Osaka
+046.780555556 -23.536666667 0000 Osasco
+078.852500000 +43.902500000 0000 Oshawa
-010.752500000 +59.910277778 0000 Oslo
-036.253888889 +37.075277778 0000 Osmaniye
-008.050833333 +52.274722222 0000 Osnabrueck
-018.295277778 +49.836111111 0000 Ostrava
+075.684444444 +45.416388889 0000 Ottawa
+001.535277778 +12.356944444 0000 Ouagadougou
+094.672222222 +38.983055556 0000 Overland Park
+005.849166667 +43.361111111 0000 Oviedo
+001.257777778 +51.744166667 0000 Oxford
+119.171111111 +34.196944444 0000 Oxnard
-100.369444444 -00.955000000 0000 Padang
-099.268611111 +01.383888889 0000 Padangsidempuan
-011.872777778 +45.417500000 0000 Padova
-076.652222222 +10.768611111 0000 Palaghat
-077.740833333 +08.713333333 0000 Palayankottai
-104.760277778 -03.000277778 0000 Palembang
-013.362500000 +38.110277778 0000 Palermo
-002.655000000 +39.573333333 0000 Palma De Mallor
+076.304166667 +03.551666667 0000 Palmira
+001.644722222 +42.807500000 0000 Pamplona
-024.369166667 +55.725277778 0000 Panevezys
-088.384444444 +22.699722222 0000 Panihati
-076.970833333 +29.380000000 0000 Panipat
+055.175833333 +05.823333333 0000 Paramaribo
+060.513055556 -31.726666667 0000 Parana
-076.771666667 +19.262500000 0000 Parbhani
-010.323333333 +44.802222222 0000 Parma
+118.146388889 +34.145833333 0000 Pasadena
+095.208888889 +29.687777778 0000 Pasadena
+077.271944444 +01.215277778 0000 Pasto
+074.173611111 +40.916111111 0000 Paterson
-076.411111111 +30.323055556 0000 Patiala
-085.133888889 +25.609166667 0000 Patna
-076.967500000 +52.272500000 0000 Pavlodar
-018.234722222 +46.073333333 0000 Pecs
-109.670555556 -06.887222222 0000 Pekalongan
-101.437222222 +00.553333333 0000 Pekanbaru
+052.307777778 -31.783888889 0000 Pelotas
-109.381388889 -06.884444444 0000 Pemalang
-099.066111111 +02.958888889 0000 Pematangsiantar
-045.003611111 +53.248333333 0000 Penza
+089.588055556 +40.692500000 0000 Peoria
+075.690000000 +04.814166667 0000 Pereira
+060.562777778 -33.900277778 0000 Pergamino
-056.235833333 +58.003611111 0000 Perm
-115.850555556 -31.955833333 0000 Perth
-071.553333333 +34.006388889 0000 Peshawar
-034.874444444 +32.034722222 0000 Petah Tiqwa
-101.645000000 +03.096666667 0000 Petaling Jaya
-069.141388889 +54.866388889 0000 Petropavlovsk
+043.176666667 -22.513611111 0000 Petropolis
-008.706944444 +48.893333333 0000 Pforzheim
+075.164166667 +39.951388889 0000 Philadelphia
-104.898333333 +11.543333333 0000 Phnom Penh
+112.073055556 +33.448333333 0000 Phoenix
+100.350277778 +44.368333333 0000 Pierre
-030.388055556 -29.597500000 0000 Pietermaritzbur
+083.689166667 +22.425833333 0000 Pinar Del Rio
-113.866111111 +27.623888889 0000 Pingxian
-120.669722222 +27.927500000 0000 Pingyang
-024.871666667 +44.869444444 0000 Pitesti
+079.996388889 +40.440555556 0000 Pittsburgh
+080.616388889 -05.193055556 0000 Piura
+096.698888889 +33.019444444 0000 Plano
-024.619444444 +43.408055556 0000 Pleven
-019.708888889 +52.547777778 0000 Plock
-026.023333333 +44.936666667 0000 Ploiesti
-024.748888889 +42.144166667 0000 Plovdiv
+004.137500000 +50.373611111 0000 Plymouth
-011.861388889 -04.791666667 0000 Pointe-Noire
-077.011111111 +10.655000000 0000 Pollachi
-034.559722222 +49.591388889 0000 Poltava
+117.748888889 +34.055000000 0000 Pomona
+066.628055556 +18.006388889 0000 Ponce
-079.827777778 +11.931388889 0000 Pondicherri
+050.156388889 -25.091944444 0000 Ponta Grossa
-109.351388889 -00.026111111 0000 Pontianak
+001.983333333 +50.718888889 0000 Poole
-073.855000000 +18.506666667 0000 Poona
+076.605000000 +02.421944444 0000 Popayan
-069.611111111 +21.640833333 0000 Porbandar
-025.588611111 -33.956666667 0000 Port Elizabeth
-006.999166667 +04.791388889 0000 Port Harcourt
-057.489722222 -20.165277778 0000 Port Louis
-147.196944444 -09.465555556 0000 Port Moresby
+061.483333333 +10.655277778 0000 Port Of Spain
-032.295277778 +31.269722222 0000 Port Said
+072.338333333 +18.542777778 0000 Port-Au-Prince
+122.670833333 +45.518333333 0000 Portland
+051.213055556 -30.027777778 0000 Porto Alegre
+008.612222222 +41.143055556 0000 Porto
-002.632222222 +06.477777778 0000 Porto-Novo
+080.453055556 -01.055277778 0000 Portoviejo
+001.093055556 +50.793333333 0000 Portsmouth
+076.304166667 +36.835000000 0000 Portsmouth
+055.928055556 -27.401944444 0000 Posadas
+065.749444444 -19.587222222 0000 Potosi
-013.056666667 +52.395555556 0000 Potsdam
+097.467222222 +20.546944444 0000 Poza Rica
-016.913333333 +52.406666667 0000 Poznan
-014.416388889 +50.086666667 0000 Praha
+046.439444444 -24.009722222 0000 Praia Grande
+023.515277778 +14.919444444 0000 Praia
+002.696666667 +53.765555556 0000 Preston
-028.187500000 -25.743333333 0000 Pretoria
-078.550277778 +14.746666667 0000 Proddatur
-086.714722222 +53.902500000 0000 Prokopjevsk
+071.408055556 +41.825000000 0000 Providence
+074.524444444 -08.392222222 0000 Pucallpa
+098.192777778 +19.047222222 0000 Puebla
+070.922500000 -53.150000000 0000 Punta Arenas
-109.250555556 -07.427222222 0000 Purwokerto
-129.056111111 +35.146388889 0000 Pusan
-125.746666667 +39.018611111 0000 Pyongyang
-052.854166667 +36.465277778 0000 Qaemshahr
-065.761388889 +31.603055556 0000 Qandahar
-050.003333333 +36.265277778 0000 Qazvin
-120.317777778 +36.063333333 0000 Qingdao
-123.953888889 +47.343333333 0000 Qiqihar
-050.885555556 +34.649444444 0000 Qom
+071.229166667 +46.813333333 0000 Quebec
+073.825277778 +40.739444444 0000 Queens
+100.393611111 +20.585555556 0000 Queretaro
-067.022500000 +30.210000000 0000 Quetta
+091.518333333 +14.836944444 0000 Quezaltenango
-121.071388889 +14.663333333 0000 Quezon City
+058.224444444 -34.766666667 0000 Quilmes
-076.591666667 +08.879166667 0000 Quilon
+078.518888889 -00.215833333 0000 Quito
-109.255833333 +13.767222222 0000 Quy Nhon
-118.866388889 +28.961388889 0000 Quzhou
+006.857777778 +34.007777778 0000 Rabat
-021.145277778 +51.401388889 0000 Radom
-070.304166667 +28.418888889 0000 Rahimyar Khan
-081.639722222 +21.238055556 0000 Raipur
-081.784166667 +17.008333333 0000 Rajahmundry
-070.807500000 +22.303333333 0000 Rajkot
+078.640833333 +35.771944444 0000 Raleigh
-034.767222222 +32.072500000 0000 Ramat Gan
-079.024444444 +28.804444444 0000 Rampur
+070.721111111 -34.169444444 0000 Rancagua
-085.338055556 +23.360833333 0000 Ranchi
+117.592500000 +34.106666667 0000 Rancho Cucamong
-096.141944444 +16.866944444 0000 Rangoon
-049.590000000 +37.278333333 0000 Rasht
-084.800833333 +22.238888889 0000 Raurkela
-073.047777778 +33.591944444 0000 Rawalpindi
+000.957222222 +51.446388889 0000 Reading
+034.914722222 -08.088055556 0000 Recife
-012.088611111 +49.012222222 0000 Regensburg
-015.636111111 +38.096944444 0000 Reggio Di Calab
+104.608055556 +50.447222222 0000 Regina
+119.813333333 +39.530000000 0000 Reno
+058.974444444 -27.451388889 0000 Resistencia
+066.687777778 +10.473333333 0000 Retare
-081.293333333 +24.535833333 0000 Rewa
+021.852222222 +64.114722222 0000 Reykjavik
+098.285833333 +26.078611111 0000 Reynosa
+047.796111111 -21.188611111 0000 Ribeirao Preto
+077.460277778 +37.556111111 0000 Richmond
-024.114722222 +56.949722222 0000 Riga
-014.454722222 +45.328333333 0000 Rijeka
+078.646388889 -01.668611111 0000 Rio Bamba
+064.346388889 -33.130833333 0000 Rio Cuarto
+043.217777778 -22.888611111 0000 Rio De Janeiro
-034.802222222 +31.961388889 0000 Rishon Le Ziyyo
+117.395833333 +33.953611111 0000 Riverside
-026.208333333 +50.604166667 0000 Rivne
+077.604166667 +43.157500000 0000 Rochester
+089.094444444 +42.271111111 0000 Rockford
-076.582777778 +28.897500000 0000 Rohtak
-012.491944444 +41.899722222 0000 Roma
+060.650000000 -32.954722222 0000 Rosario
+061.386666667 +15.302500000 0000 Roseau
-012.109722222 +54.092777778 0000 Rostock
-039.723055556 +47.228888889 0000 Rostov-Na-Donu
-004.501111111 +51.919722222 0000 Rotterdam
-018.856111111 +50.278333333 0000 Ruda Slaska
-025.979722222 +43.821944444 0000 Ruse
-039.723055556 +54.620277778 0000 Ryazan
-018.544722222 +50.095555556 0000 Rybnik
-022.002222222 +50.038611111 0000 Rzeszow
-004.307222222 +52.080833333 0000 S- Gravenhage
-005.326388889 +51.687500000 0000 S- Hertogenbosc
-006.996388889 +49.238333333 0000 Saarbruecken
-002.103333333 +41.545277778 0000 Sabadell
-057.673611111 +36.211944444 0000 Sabzevar
+121.496388889 +38.577500000 0000 Sacramento
-078.752500000 +23.840555556 0000 Sagar
-077.544444444 +29.965833333 0000 Saharanpur
-073.096388889 +30.643055556 0000 Sahiwal
-055.460277778 -20.873333333 0000 Saint Denis
+061.791111111 +12.008055556 0000 Saint Georges
+061.844444444 +17.120833333 0000 Saint Johns
+090.234166667 +38.632777778 0000 Saint Louis
+093.105277778 +44.955833333 0000 Saint Paul
+082.638611111 +27.777500000 0000 Saint Petersbur
+079.224722222 +43.199444444 0000 Saint-Catherine
-135.466111111 +34.573888889 0000 Sakai
+005.668888889 +40.967222222 0000 Salamanca
+123.002500000 +44.921111111 0000 Salem
-078.161388889 +11.656944444 0000 Salem
+121.654444444 +36.677222222 0000 Salinas
+111.870277778 +40.760555556 0000 Salt Lake City
+065.412777778 -24.798888889 0000 Salta
+100.993611111 +25.426111111 0000 Saltillo
+038.491388889 -13.013611111 0000 Salvador
-013.055000000 +47.808611111 0000 Salzburg
-050.123333333 +53.200277778 0000 Samara
-117.156388889 -00.503611111 0000 Samarinda
-066.943611111 +39.664444444 0000 Samarkand
-083.993333333 +21.448611111 0000 Sambalpur
-036.332777778 +41.290000000 0000 Samsun
+098.494166667 +29.426111111 0000 San Antonio
+117.288333333 +34.108611111 0000 San Bernardino
+070.668611111 -33.570833333 0000 San Bernardo
+072.233333333 +07.765833333 0000 San Cristobal
+117.154722222 +32.715833333 0000 San Diego
+058.646944444 -34.471111111 0000 San Fernando
+122.418055556 +37.775277778 0000 San Francisco
+121.893611111 +37.340000000 0000 San Jose
+066.068888889 +18.434166667 0000 San Juan
+068.528888889 -31.539166667 0000 San Juan
+100.978611111 +22.155833333 0000 San Luis Potosi
+066.352777778 -33.316111111 0000 San Luis
-012.441944444 +43.931111111 0000 San Marino
+065.215000000 -26.826388889 0000 San Miguel De T
+079.500277778 +09.043055556 0000 San Miguelito
+060.227777778 -33.333055556 0000 San Nicolas De
+088.031944444 +15.496666667 0000 San Pedro Sula
+068.330000000 -34.618333333 0000 San Rafael
+065.268333333 -24.218611111 0000 San Salvador De
+089.193888889 +13.699166667 0000 San Salvador
+001.982500000 +43.318611111 0000 San Sebastian
-046.998055556 +35.313333333 0000 Sanandaj
-074.568333333 +16.852500000 0000 Sangli
-030.319444444 +59.933611111 0000 Sankt-Peterburg
-038.797222222 +37.160000000 0000 Sanli Urfa
+117.866944444 +33.745555556 0000 Santa Ana
+089.567500000 +13.995000000 0000 Santa Ana
+079.955277778 +22.408333333 0000 Santa Clara
+063.187222222 -17.786388889 0000 Santa Cruz De L
+105.945833333 +35.691944444 0000 Santa Fe
+060.703333333 -31.608611111 0000 Santa Fe
+074.160000000 +11.228611111 0000 Santa Marta
+122.712777778 +38.430833333 0000 Santa Rosa
+003.824722222 +43.456666667 0000 Santander
+054.718333333 -02.434166667 0000 Santarem
+008.543888889 +42.880555556 0000 Santiago De Com
+075.816944444 +20.035833333 0000 Santiago De Cub
+070.696666667 +19.455833333 0000 Santiago De Los
+070.650277778 -33.454166667 0000 Santiago
+079.196111111 -00.244166667 0000 Santo Domingo D
+069.883888889 +18.497500000 0000 Santo Domingo
+046.533888889 -23.640277778 0000 Sao Andre
+046.559166667 -23.718333333 0000 Sao Bernardo Do
+049.375833333 -20.816388889 0000 Sao Jose De Rio
+045.883611111 -23.204166667 0000 Sao Jose Dos Ca
+044.276111111 -02.499444444 0000 Sao Luis
+046.637777778 -23.548611111 0000 Sao Paulo
-006.731111111 +00.336111111 0000 Sao Tome
-141.343333333 +43.058333333 0000 Sapporo
-018.409722222 +43.860277778 0000 Sarajevo
-045.973888889 +51.523888889 0000 Saratov
-072.645277778 +32.151388889 0000 Sargodha
-053.059722222 +36.563333333 0000 Sari
-018.392500000 +09.146666667 0000 Sark
+106.646944444 +52.132777778 0000 Saskatoon
+081.096666667 +32.082222222 0000 Savannah
-011.414444444 +53.626944444 0000 Schwerin
+111.890833333 +33.495000000 0000 Scottsdale
+122.330277778 +47.606666667 0000 Seattle
-110.412777778 -06.976944444 0000 Semarang
-080.254444444 +50.409444444 0000 Semipalatinsk
-140.887777778 +38.258055556 0000 Sendai
-126.977500000 +37.523888889 0000 Seoul
-101.935833333 +02.727777778 0000 Seremban
-060.580277778 +59.598611111 0000 Serov
-005.416944444 +36.190000000 0000 Setif
+008.885555556 +38.524166667 0000 Setubal
-033.517500000 +44.608333333 0000 Sevastapol
+005.986388889 +37.383888889 0000 Sevilla
-010.765555556 +34.753888889 0000 Sfax
-121.484166667 +31.236666667 0000 Shanghai
-116.669722222 +23.351944444 0000 Shantou
-120.559166667 +29.993888889 0000 Shaoxing
+001.472500000 +53.380833333 0000 Sheffield
-073.991666667 +31.710000000 0000 Shekhupura
-123.405277778 +41.791388889 0000 Shenyang
-086.018888889 +44.317222222 0000 Shihezi
-114.495555556 +38.053333333 0000 Shijiazhuang
-068.654166667 +27.962777778 0000 Shikarpur
-091.875000000 +25.576666667 0000 Shillong
-052.555555556 +29.616666667 0000 Shiraz
+093.780000000 +32.468333333 0000 Shreveport
-074.544722222 +32.513611111 0000 Sialkot
-023.314444444 +55.930833333 0000 Siauliai
-024.145000000 +45.810277778 0000 Sibiu
+000.635833333 +35.198888889 0000 Sidi-Bel-Abbes
-088.434444444 +26.716111111 0000 Siliguri
-048.366666667 +54.326666667 0000 Simbirsk
-034.098888889 +44.955833333 0000 Simferopol
+118.777777778 +34.271666667 0000 Simi Valley
+075.396388889 +09.305000000 0000 Sincelejo
-103.839166667 +01.297500000 0000 Singapore
+096.730833333 +43.545833333 0000 Sioux Falls
-080.663888889 +27.571111111 0000 Sitapur
-037.018611111 +39.746666667 0000 Sivas
-006.906944444 +36.880833333 0000 Skikda
-021.436666667 +42.005833333 0000 Skopje
-037.633611111 +48.842777778 0000 Slavansk
-017.027222222 +54.467222222 0000 Slupsk
-032.057500000 +54.788333333 0000 Smolensk
-023.333888889 +42.686388889 0000 Sofia
-075.897500000 +17.668611111 0000 Solapur
-056.747500000 +59.682777778 0000 Solikamsk
-007.081388889 +51.168055556 0000 Solingen
+047.462500000 -23.495000000 0000 Sorocaba
-019.156388889 +50.287222222 0000 Sosnowiec
+086.250000000 +41.677777778 0000 South Bend
+001.427500000 +54.996111111 0000 South Shields
+001.394444444 +50.902777778 0000 Southampton
-000.707222222 +51.541111111 0000 Southend-On-Sea
-027.867777778 -26.273888889 0000 Soweto
-016.440277778 +43.506388889 0000 Split
+117.425555556 +47.659166667 0000 Spokane
+072.590277778 +42.102222222 0000 Springfield
+089.643611111 +39.801388889 0000 Springfield
+093.298055556 +37.215555556 0000 Springfield
-074.752777778 +34.103888889 0000 Srinagar
+073.542777778 +41.051111111 0000 Stamford
-025.635000000 +42.425833333 0000 Stara Zagora
+074.162500000 +40.606944444 0000 Staten Island
-005.716111111 +58.961666667 0000 Stavanger
+083.029722222 +42.580277778 0000 Sterling Height
-055.956944444 +53.591944444 0000 Sterlitamak
-018.069166667 +59.318611111 0000 Stockholm
+121.293333333 +37.967500000 0000 Stockton
+002.183333333 +53.002222222 0000 Stoke-On-Trent
-009.174444444 +48.777222222 0000 Stuttgart
-032.508333333 +29.957777778 0000 Suez
-106.920277778 -06.918611111 0000 Sukabumi
-068.882777778 +27.687500000 0000 Sukkur
+080.696666667 -04.898333333 0000 Sullana
-034.794444444 +50.919722222 0000 Sumy
+001.382500000 +54.911111111 0000 Sunderland
+122.012500000 +37.393888889 0000 Sunnyvale
-112.736388889 -07.273611111 0000 Surabaya
-110.823055556 -07.568611111 0000 Surakarta
-072.813055556 +21.188888889 0000 Surat
-120.613055556 +31.303611111 0000 Suzhou
+003.936388889 +51.615277778 0000 Swansea
-151.195000000 -33.888333333 0000 Sydney
+076.147500000 +43.050555556 0000 Syracuse
-048.430277778 +53.157500000 0000 Syzran
-014.548611111 +53.424166667 0000 Szczecin
-020.137500000 +46.254166667 0000 Szeged
-018.424166667 +47.193888889 0000 Szekesfehervar
+070.249166667 -18.020000000 0000 Tacna
+122.443333333 +47.252777778 0000 Tacoma
-128.606111111 +35.859722222 0000 Taegu
-127.428611111 +36.323888889 0000 Taejon
-117.127500000 +36.190000000 0000 Taian
-120.663055556 +24.148055556 0000 Taichung
-120.201388889 +22.989722222 0000 Tainan
-121.521111111 +25.041111111 0000 Taipei
-100.738888889 +04.850277778 0000 Taiping
-112.548055556 +37.905000000 0000 Taiyuan
-051.451666667 +35.767777778 0000 Tajrish
+071.658333333 -35.427222222 0000 Talca
+073.117222222 -36.734166667 0000 Talcahuano
+084.280833333 +30.437777778 0000 Tallahassee
-024.720277778 +59.423611111 0000 Tallinn
+000.841111111 +09.398611111 0000 Tamale
+082.458888889 +27.947222222 0000 Tampa
-023.779722222 +61.498611111 0000 Tampere
+097.860000000 +22.220833333 0000 Tampico
+059.136944444 -37.316111111 0000 Tandil
-039.086944444 -05.074444444 0000 Tanga
-118.203333333 +39.618888889 0000 Tangshan
-105.251944444 -05.412222222 0000 Tanjungkarang
-031.018333333 +30.803333333 0000 Tanta
-017.224722222 +40.479166667 0000 Taranto
-046.288611111 +38.080833333 0000 Tarbiz
-020.990555556 +50.010000000 0000 Tarnow
-001.248888889 +41.116111111 0000 Tarragona
-002.018333333 +41.565000000 0000 Tarrasa
-026.720555556 +58.371111111 0000 Tartu
-108.217500000 -07.329722222 0000 Tasikmalaya
-069.248055556 +41.319166667 0000 Taskent
-044.808611111 +41.700000000 0000 Tbilisi
+087.206944444 +14.093611111 0000 Tegucigalpa
-051.435833333 +35.706111111 0000 Teheran
-034.758888889 +32.054166667 0000 Tel Aviv
+111.908333333 +33.414722222 0000 Tempe
+072.583055556 -38.734722222 0000 Temuco
-080.657777778 +16.233611111 0000 Tenali
+042.804722222 -05.095833333 0000 Teresina
+042.981111111 -22.438055556 0000 Teresopolis
 025.625000000 +49.562500000 0036 Ternopil
-072.988333333 +19.237777778 0000 Thana
-106.653333333 +10.758055556 0000 Thanh Pho Ho Ch
-079.146388889 +10.785000000 0000 Thanjavur
-022.933055556 +40.639166667 0000 Thessaloniki
+016.927777778 +14.790555556 0000 Thies
-089.673055556 +27.440555556 0000 Thimphu
-100.430833333 +13.672777778 0000 Thon Buri
+118.850000000 +34.177777778 0000 Thousand Oaks
+089.255000000 +48.441111111 0000 Thunder Bay
-117.190000000 +39.157500000 0000 Tianjin
-029.486111111 +46.816111111 0000 Tighina
-005.076944444 +51.555277778 0000 Tilburg
-000.235277778 +29.257500000 0000 Timimoun
-021.218333333 +45.753055556 0000 Timisoara
-019.820000000 +41.326388889 0000 Tirane
-029.643055556 +46.836111111 0000 Tiraspol
-078.699444444 +10.805833333 0000 Tircuhchirirapp
-024.567500000 +46.549722222 0000 Tirgu Mures
-077.683611111 +08.725000000 0000 Tiruneveli
-077.356944444 +11.094166667 0000 Tiruppur
-004.042222222 +36.717777778 0000 Tizi-Duzou
-065.503611111 +57.173888889 0000 Tjumen
+001.314166667 +34.883333333 0000 Tlemcen
-139.779722222 +35.696111111 0000 Tokyo
+083.570277778 +41.664444444 0000 Toledo
+099.650833333 +19.285000000 0000 Toluca
-049.488333333 +53.479166667 0000 Tolyatti
+095.675277778 +39.045833333 0000 Topeka
-007.688333333 +45.061666667 0000 Torino
+079.387222222 +43.658333333 0000 Toronto
+118.350277778 +33.825555556 0000 Torrance
+103.426388889 +25.544166667 0000 Torreon
+006.787500000 +62.000833333 0000 Torshavn
-018.610833333 +53.021666667 0000 Torun
+074.764722222 +40.222500000 0000 Trenton
-076.214444444 +10.516944444 0000 Trichur
-013.764166667 +45.655833333 0000 Trieste
-013.182777778 +32.884444444 0000 Tripoli
-076.957500000 +08.505833333 0000 Trivandrum
-010.394444444 +63.427500000 0000 Trondheim
+079.038888889 -08.111111111 0000 Trujillo
-039.077500000 +44.110277778 0000 Tuapse
+110.926111111 +32.221388889 0000 Tucson
-037.618888889 +54.173611111 0000 Tula
+095.996388889 +36.152222222 0000 Tulsa
-077.101666667 +13.343888889 0000 Tumkur
-010.172222222 +36.824166667 0000 Tunis
-022.228055556 +60.455000000 0000 Turku
-078.155277778 +08.797777778 0000 Tuticorin
+047.926388889 -19.765833333 0000 Uberaba
-073.703333333 +24.572500000 0000 Udaipur
-087.582222222 +43.805000000 0000 Ueruemqi
-056.118888889 +54.835833333 0000 Ufa
-075.785000000 +23.174722222 0000 Ujjain
-119.399166667 -05.145555556 0000 Ujung Pandang
-106.921944444 +47.913888889 0000 Ulaanbaatar
-073.006944444 +19.194444444 0000 Ulhasnagar
-051.355833333 +51.221111111 0000 Uralsk
-060.643333333 +41.551388889 0000 Urgenc
-082.642222222 +49.954722222 0000 Ust-Kamenogorsk
-005.107777778 +52.097222222 0000 Utrecht
-022.291666667 +48.604166667 0000 Uzhhorod
-073.198055556 +22.292500000 0000 Vadodara
-009.518055556 +47.141944444 0000 Vaduz
+073.210833333 -39.832500000 0000 Valdivia
+067.992222222 +10.179722222 0000 Valencia
+070.601111111 +09.321944444 0000 Valera
+004.733055556 +41.650555556 0000 Valladolid
+073.248611111 +10.477222222 0000 Valledupar
+122.253333333 +38.114166667 0000 Vallejo
-014.509444444 +35.890833333 0000 Valletta
-076.795555556 +10.399166667 0000 Valparai
+071.616388889 -33.043611111 0000 Valparaiso
-043.370277778 +38.506666667 0000 Van
+123.100000000 +49.277777778 0000 Vancouver
-025.030833333 +60.287777778 0000 Vantaa
-083.006111111 +25.333055556 0000 Varanasi
-027.918055556 +43.211388889 0000 Varna
-079.135833333 +12.922777778 0000 Vellore
-012.316666667 +45.439166667 0000 Venezia
+096.133055556 +19.180277778 0000 Veracruz
-010.983888889 +45.431388889 0000 Verona
-102.613611111 +17.968888889 0000 Viangchan
+076.956944444 +20.960000000 0000 Victoria De Las
+008.722500000 +42.235555556 0000 Vigo
-080.629166667 +16.510000000 0000 Vijayawada
+068.766666667 -32.886944444 0000 Villa Nueva
+092.918055556 +17.978333333 0000 Villahermosa
+073.642222222 +04.149722222 0000 Villavicencio
-025.293888889 +54.691666667 0000 Vilnius
+071.567222222 -33.025277778 0000 Vina Del Mar
 028.458333333 +49.229166667 0025 Vinnytsia
+075.977222222 +36.849722222 0000 Virginia Beach
-083.326666667 +17.720555556 0000 Vishakhapatnam
+076.936388889 -12.046111111 0000 Vitarte
+040.307777778 -20.287777778 0000 Vitoria
+002.668888889 +42.851666667 0000 Vitoria-Gasteiz
-083.398333333 +18.115277778 0000 Vizianagaram
-131.907777778 +43.136666667 0000 Vladivostok
-044.505833333 +48.717777778 0000 Volgograd
+044.092777778 -22.488055556 0000 Volta Redonda
-039.173888889 +51.683611111 0000 Voronez
+097.146944444 +31.548888889 0000 Waco
-033.429722222 +14.569722222 0000 Wad Madani
-072.748611111 +33.777222222 0000 Wah Cantonment
-016.284444444 +50.774722222 0000 Walbrzych
-079.558888889 +18.005000000 0000 Warangal
+083.027222222 +42.477500000 0000 Warren
-021.017222222 +52.246388889 0000 Warszawa
+077.033888889 +38.891944444 0000 Washington
+073.052222222 +41.557777778 0000 Waterbury
-174.771666667 -41.296388889 0000 Wellington
-120.655277778 +28.047777778 0000 Wenzhou
+097.335000000 +37.693611111 0000 Wichita
-016.375555556 +48.201388889 0000 Wien
-008.244166667 +50.077777778 0000 Wiesbaden
-008.120277778 +53.524166667 0000 Wilhelmshaven
-017.080555556 -22.575000000 0000 Windhoek
+082.990000000 +42.318611111 0000 Windsor
+097.135277778 +49.880555556 0000 Winnipeg
+080.247777778 +36.099166667 0000 Winston-Salem
-019.069722222 +52.656388889 0000 Wloclawek
-018.456111111 +49.999722222 0000 Wodzislaw Slask
-010.772222222 +52.427500000 0000 Wolfsburg
+002.134444444 +52.591944444 0000 Wolverhampton
+071.800555556 +42.260000000 0000 Worcester
-017.045555556 +51.104722222 0000 Wroclaw
-009.924722222 +49.792777778 0000 Wuerzburg
-114.264444444 +30.575000000 0000 Wuhan
-007.197500000 +51.269166667 0000 Wuppertal
-120.280277778 +31.562222222 0000 Wuxi
-118.078888889 +24.450833333 0000 Xiamen
-108.922222222 +34.262500000 0000 Xian
-101.751666667 +36.652777778 0000 Xining
-113.865277778 +35.305833333 0000 Xinxiang
-117.173333333 +34.260000000 0000 Xuzhou
-034.125000000 +44.479166667 0000 Yalta
+005.299722222 +06.839444444 0000 Yamoussoukro
-077.279722222 +30.126111111 0000 Yamunanagar
-011.521666667 +03.861111111 0000 Yaounde
-054.361111111 +31.896388889 0000 Yazd
-128.903333333 +47.723333333 0000 Yichun
-110.368611111 -07.794166667 0000 Yogyakarta
-139.621666667 +35.449166667 0000 Yokohama
+073.891111111 +40.935833333 0000 Yonkers
+001.077222222 +53.960555556 0000 York
-018.788888889 +50.323611111 0000 Zabrze
-015.975833333 +45.815000000 0000 Zagreb
-060.864166667 +29.492500000 0000 Zahedan
-122.068611111 +06.906111111 0000 Zamboanga City
-048.481944444 +36.673333333 0000 Zanjan
-039.202500000 -06.168055556 0000 Zanzibar
-117.571111111 +34.863055556 0000 Zaozhuang
-035.208333333 +47.812500000 0000 Zaporizhzha
+000.892777778 +41.652777778 0000 Zaragoza
-007.715000000 +11.109722222 0000 Zaria
-036.090833333 +32.068888889 0000 Zarqa
-114.878888889 +40.801944444 0000 Zhangjiakou
-110.385555556 +21.199722222 0000 Zhangjiang
-113.663888889 +34.759166667 0000 Zhengzhou
-122.097500000 +30.015833333 0000 Zhoushan
-028.625000000 +50.270833333 0000 Zhytomyr
-118.049722222 +36.793611111 0000 Zibo
-104.772222222 +29.353888889 0000 Zigong
-113.418888889 +25.978333333 0000 Zixing
-031.791666667 +41.453888889 0000 Zonguldak
-008.542500000 +47.378611111 0000 Zuerich
-012.502500000 +50.715833333 0000 Zwickau
